1110001011111101111010000
10000101010010001100110100
110000101100010001100010110
110001101101011111000011110
110011001101011010101010100
1001011100010010011101000110
1001011110110011111001100110
1010011010011111101100010111
1010101100010001001000111110
1010101101001000001110010100
1010101101101010101110000010
1010101101101010101110010110
1010111101101010101110010110
1100111001010011001110010111
1110101100010001001000111110
1110101101101010101110010110
1111001000110101101100011010
10000001101010110001001000010
10110011111000101001111010000
11010101101110001110100010111
11011001010011010110000110010
11110101100101011101000000111