1100010001101000100100
1100010001101001100101
1100010001101001101100
1100010001101001101101
1100011001100001101101
1101001001101000100100
1101010000001100000000
1101010000101000100100
1101010000101000100101
1101010000101000101100
1101010000101100000000
1101010000101100000100
1101010010111010110110
1101011000100000100100
1101011000100000100101
1101011000100000101100
1101011000101000100100
1101011000101000101100
1101011001001000000100
1101011001001100000000
1101011001100000101100
1101011001100001100100
1101011001100001100101
1101011001100001101101
1101011001101000000100
1101011001101000100100
1101011001101000100101
1101011001101000101100
1101011001101000101101
1101011001101001100100
1101011001101001100101
1101011001101001101100
1101011001101001101101
1101011001101100000000
1101011001101100000100
1101011001101100100000
1101011001101101001000
1101011001101101001100
1101011011101010100100
1101011011111010110110
1101011011111011111110
1111000010111010110110
1111001011111010110110
1111010000101000100100
1111011001101000100100
1111011011111010110110
11101000000111000110110
11101000010111010110110
11101001001111000110110
11101001011111010110110
11101010000001100000000
11101010000101000100100
11101010000101100000000
11101011000100000100100
11101011000101000100100
11101011001100001101101
11101011001101000100100
11101011001101000101101
11101011001101001101101
11101011001101100000000
11101011001101100000100
11111000010111010110110
11111001010110010110110
11111001010111010110110
11111001011111010110110
11111001011111010111111
11111001011111011111111
101001110100001100000000
101001111101001100000000
101101011001101100000000
101101111001101000000100
111001110100001100000000
1000101011000100000000100
1100101111000100000000100
10000101011001100000100101
10001100010001101000100100
10001100010001101001101100
10001100010001101001101101
10001100011000101001101100
10001100011001100000100100
10001100011001100000100101
10001101010000101000100100
10001101010000101000100101
10001101010000101000101100
10001101010000101001101100
10001101010001100000100101
10001101011000100000100100
10001101011000100000100101
10001101011000100000101100
10001101011000101001100100
10001101011001100000100101
10001101011001100001100101
10001101011001101000100100
10001101011001101000100101
10001101011001101000101100
10001101011001101000101101
10001101011001101001100100
10001101011001101001101100
10001101011001101001101101
10001101011001101100000001
10001101011001101100000101
10001101011001101101001000
10001101011001101101001100
10001101011001111010110111
10001101011001111011111110
10001101011011101000100101
10001101011011101001101100
10001111001011111010110110
10001111001011111010111111
10010110001011110010110111
10010111000010111010110110
10010111000010111010110111
10010111000010111011111110
10010111000011110010110111
10010111001010110010110111
10010111001010110010111110
10010111001010111010110110
10010111001010111011111110
10010111001011010110010011
10010111001011110010110110
10010111001011110010110111
10010111001011110011111110
10010111001011110110010011
10010111001011110110010111
10010111001011110110110111
10010111001011111011111110
10011101001011111000110111
10011101001011111010110110
10011101001011111010110111
10011101010000101000100101
10011101011000100000101100
10011101011001101000100100
10011101011001101000100101
10011101011001101000101100
10011101011001101001100101
10011101011001101001101100
10011110000010110010110110
10011110000010110010110111
10011110000010111011111110
10011110000011011111011010
10011110000011110010110110
10011110000011110010110111
10011110000011111010110110
10011110000011111010110111
10011110000011111010111111
10011110000011111011110110
10011110000011111011110111
10011110000011111011111110
10011110000011111011111111
10011110000011111111011010
10011110001010011111011010
10011110001010111010110110
10011110001010111011111110
10011110001010111111011010
10011110001011010010010111
10011110001011010110010011
10011110001011110010110110
10011110001011110010110111
10011110001011110011111110
10011110001011110011111111
10011110001011110110010011
10011110001011110110010111
10011110001011111010110110
10011110001011111010110111
10011110001011111010111110
10011110001011111011110110
10011110001011111011110111
10011110001011111011111110
10011110001011111011111111
10011111000000111000110110
10011111000010011110010010
10011111000010011110010011
10011111000010011111011010
10011111000010110010110110
10011111000010110010110111
10011111000010110010111110
10011111000010111010110110
10011111000010111010110111
10011111000010111010111110
10011111000010111011111110
10011111000010111110010010
10011111000010111110010011
10011111000010111110010110
10011111000010111110010111
10011111000010111111011010
10011111000010111111011110
10011111000011010110010011
10011111000011110010110110
10011111000011110010110111
10011111000011110110010011
10011111000011111011111110
10011111001001111000110110
10011111001010010010010111
10011111001010010110010011
10011111001010010110011010
10011111001010110010110110
10011111001010110010110111
10011111001010110010111110
10011111001010110010111111
10011111001010110011111110
10011111001010110011111111
10011111001010110110010011
10011111001010110110010111
10011111001010110110011010
10011111001010110110011110
10011111001010111010110110
10011111001010111010110111
10011111001010111010111110
10011111001010111011110110
10011111001010111011110111
10011111001010111011111110
10011111001010111011111111
10011111001010111110010010
10011111001010111110010110
10011111001011010010010111
10011111001011010110010011
10011111001011011010010110
10011111001011011010010111
10011111001011011010110111
10011111001011011011011110
10011111001011011011111110
10011111001011011110010010
10011111001011011110010011
10011111001011011110010111
10011111001011011110011011
10011111001011011110110010
10011111001011011110110011
10011111001011011111011010
10011111001011011111011110
10011111001011011111111010
10011111001011110010110111
10011111001011110010111110
10011111001011110010111111
10011111001011110011110110
10011111001011110011110111
10011111001011110011111110
10011111001011110011111111
10011111001011110110010011
10011111001011110110010111
10011111001011110111011010
10011111001011110111011110
10011111001011111010010110
10011111001011111010010111
10011111001011111010110010
10011111001011111010110011
10011111001011111010110110
10011111001011111010110111
10011111001011111010111110
10011111001011111010111111
10011111001011111011011110
10011111001011111011110110
10011111001011111011110111
10011111001011111011111010
10011111001011111011111110
10011111001011111011111111
10011111001011111110010010
10011111001011111110010011
10011111001011111110010110
10011111001011111110010111
10011111001011111110011010
10011111001011111110011011
10011111001011111110011110
10011111001011111110011111
10011111001011111110110010
10011111001011111110110011
10011111001011111110110111
10011111001011111111010011
10011111001011111111010111
10011111001011111111011010
10011111001011111111011110
10011111001011111111111010
10011111001011111111111110
10011111010000101000100100
10011111011001101000100100
10011111011001101000100101
10011111011001101000101101
10011111011001101001101100
10011111011011101010110111
10011111011011101011111110
10011111011011111010110111
10011111011011111011111110
10110011101111010110010011
10110111001011110110010011
10111010100111011111011010
10111010101110011111011010
10111010101111010110010011
10111011001111011110110011
10111011001111011111111010
10111011100110011110010010
10111011100110011110010011
10111011100110011111011010
10111011100111010110010011
10111011101110010110010011
10111011101110010110011010
10111011101111010110010011
10111011101111011110010010
10111011101111011110010011
10111011101111011110011011
10111011101111011111011010
10111011111111001110010011
10111011111111001111011010
10111111000010111110010010
10111111001011011010010111
10111111001011011011011110
10111111001011111010110111
10111111001011111011111110
10111111001011111110010010
10111111001011111110010011
10111111001011111110010111
10111111001011111111011010
10111111001011111111011110
10111111101011111010010110
10111111101011111010010111
10111111101011111011011110
11000101011000100000000100
11000101011000100000000101
11000101011000100000100101
11010110001011110010010111
11010111000010111010010111
11010111000010111011011110
11010111000011010010010111
11010111000011010110110011
11010111000011110010010111
11010111000011110010110111
11010111000011110110010011
11010111000011110110010111
11010111000011110110110011
11010111001010010010010111
11010111001010010010110111
11010111001010010110010011
11010111001010010110110011
11010111001010010110111010
11010111001010110010010011
11010111001010110010010110
11010111001010110010010111
11010111001010110010011110
11010111001010110010110110
11010111001010110010110111
11010111001010110010111110
11010111001010110110010011
11010111001010110110010111
11010111001010110110011010
11010111001010110110110011
11010111001010110110110111
11010111001010111011011110
11010111001010111011111110
11010111001011110010010111
11010111001011110010110111
11010111001110110010010111
11010111100011110010010111
11010111101010110010010111
11010111101010110010011110
11011110000010111011111110
11011110000011110010110111
11011110000011111011111110
11011110001010011111011010
11011110001010110010110111
11011110001010111010110110
11011110001010111011011010
11011110001010111011011110
11011110001010111011111110
11011110001010111111011010
11011110001010111111011110
11011110001010111111111010
11011110001010111111111110
11011111001011110010010111
11011111001011110010110111
11011111001011110110010111
11100101111000100000000100
11100101111000100000000101
11110011000111010110110011
11110011001110010110110011
11110011001110010110111010
11110011001111010110110011
11110011011110000110110011
11110110101011110010010111
11110111001010010110110011
11110111001010110110010011
11110111100010111010010111
11110111100010111011011110
11110111100011110010010111
11110111101010110010010110
11110111101010110010010111
11110111101010110010011110
11110111101010111011011110
11110111101011110010010111
11110111111010100010010111
11111010001110011111111010
11111110101010111011011110
11111111101011110010010111
100001101010000101000100100
100001101011001101000100100
100001101011001101000100110
100011101000000111000110110
100011101010000101000100110
110011101000010111000110110
110011101001011111000110110
110011101001011111000110111
110011101001011111001111110
110011101101011111000010111
110011110000011111011111110
110011110001011110010110111
110011111000010111010110110
110011111000010111010110111
110011111000010111011111110
110011111001010110010110111
110011111001011110010110111
110011111001011111010110101
110011111001011111010110110
110011111001011111010110111
110011111001011111011111100
110011111001011111011111110
111010101100011110000010111
111010101101010110000010110
111010101101010110000010111
111010101101010110000011110
111010111100011110010010111
111010111101010110010010101
111010111101010110010010111
111010111101010110010011110
1000000101010000001100000100
1000000101010000001100100000
1000000101010000101000100000
1000000101010000101000100100
1000000101010000101100000000
1000000101010000101100000100
1000000101010001100100000101
1000000101011000100100000100
1000000101011000100100001100
1000001101010000001100000100
1000001101010000001100100000
1000001101010000101000000100
1000001101010000101100000100
1000010101010000001100000100
1000010101010000101000100100
1000010101010000101100000100
1000010101010001100100000100
1000010111000010111110010110
1000010111000011110110010110
1000011101010000001100100000
1000011101010000101100000100
1000100101110000101100000100
1001001101010000001100000100
1001001101010000101000000100
1001001101010000101100100100
1010000101010001000100000101
1010000101010001000100100001
1010000101010001100000100001
1010000101010001100000100101
1010000101010001100100000001
1010000101010001100100000100
1010000101010001100100000101
1010000101011000100100000100
1010000101011000100100000101
1010001100010001001101101000
1010010010101011110110010111
1010010011000011110110010111
1010010011000011110110110111
1010010011100010111110010110
1010010011100010111110010111
1010010011100011110110010111
1010010011100111110110010111
1010010011101010110110010111
1010010011101010110110011110
1010010011101010111111011110
1010010101010001100100000101
1010010110001010111111011110
1010010110001011010110010111
1010010110001011010110110011
1010010110001011110010010111
1010010110001011110010110011
1010010110001011110010110111
1010010110001011110110010111
1010010110001011110111011110
1010010111000010011110010110
1010010111000010011110010111
1010010111000010011110110010
1010010111000010011110110011
1010010111000010011110110111
1010010111000010011111011110
1010010111000010011111111010
1010010111000010110110010110
1010010111000010110110010111
1010010111000010111010010110
1010010111000010111010010111
1010010111000010111010110010
1010010111000010111010110011
1010010111000010111010110110
1010010111000010111010110111
1010010111000010111011111010
1010010111000010111011111110
1010010111000010111110010010
1010010111000010111110010011
1010010111000010111110010110
1010010111000010111110010111
1010010111000010111111011010
1010010111000010111111011110
1010010111000011010010010111
1010010111000011010010110011
1010010111000011010010110111
1010010111000011010110010011
1010010111000011010110010110
1010010111000011010110010111
1010010111000011010110110010
1010010111000011010110110011
1010010111000011010110110111
1010010111000011011111011110
1010010111000011011111111010
1010010111000011110010010011
1010010111000011110010010111
1010010111000011110010110010
1010010111000011110010110011
1010010111000011110010110110
1010010111000011110010110111
1010010111000011110011111111
1010010111000011110110010010
1010010111000011110110010011
1010010111000011110110010110
1010010111000011110110010111
1010010111000011110110011110
1010010111000011110110110011
1010010111000011110110110111
1010010111000011110111011111
1010010111000011111011111010
1010010111000011111011111110
1010010111000011111111010111
1010010111000011111111011010
1010010111000011111111011110
1010010111000111010010110011
1010010111000111010110010111
1010010111000111110010010011
1010010111000111110010010111
1010010111000111110010110011
1010010111001010010110010111
1010010111001010010110011110
1010010111001010010110110011
1010010111001010010110111010
1010010111001010011111011110
1010010111001010011111111010
1010010111001010110010010111
1010010111001010110010011110
1010010111001010110010110011
1010010111001010110010110111
1010010111001010110010111010
1010010111001010110010111110
1010010111001010110110010011
1010010111001010110110010110
1010010111001010110110010111
1010010111001010110110011110
1010010111001010111011011110
1010010111001010111011111010
1010010111001010111011111110
1010010111001010111110010110
1010010111001010111111011110
1010010111001011010110010111
1010010111001011010110110011
1010010111001011110010110011
1010010111001011110010110111
1010010111001011110110010111
1010010111001011110111011110
1010010111001011111111011110
1010010111010001100100000101
1010010111010011100110010111
1010010111010011110110010111
1010010111100011110010010111
1010010111100011110110010111
1010010111100111110010010111
1010011110000011010110110011
1010011110000011011110110010
1010011110000011011111011110
1010011110000011011111110011
1010011110000011011111111010
1010011110000011110010010111
1010011110000011110010110111
1010011110000011110110010011
1010011110000011110110010111
1010011110000011111011010111
1010011110000011111011011110
1010011110000011111011110111
1010011110000011111011111010
1010011110000011111011111110
1010011110000011111111010011
1010011110000011111111010111
1010011110000011111111011010
1010011110000011111111011110
1010011110000011111111111110
1010011110000111111011011110
1010011110001010011111111010
1010011110001010111011011110
1010011110001010111011111110
1010011110001010111111011010
1010011110001010111111011110
1010011110001011010110110011
1010011110001011110010010111
1010011110001011110010110111
1010011110001011110110010011
1010011111000010011110010110
1010011111000010011110010111
1010011111000010011110110010
1010011111000010011110110011
1010011111000010011111011110
1010011111000010011111111010
1010011111000010111010010110
1010011111000010111010010111
1010011111000010111010110010
1010011111000010111010110110
1010011111000010111011011110
1010011111000010111011111010
1010011111000010111011111110
1010011111000010111110010010
1010011111000010111110010110
1010011111000010111110010111
1010011111000010111111011010
1010011111000010111111011110
1010011111000011010110110011
1010011111000011110110010111
1010011111001011010110010111
1010011111001011010110110011
1010011111001011011111111010
1010011111001011110010010111
1010011111001011110010110111
1010011111001011110110010011
1010011111001011110110010111
1010011111001011111011111110
1010011111001011111111011010
1010011111001011111111011110
1010100101110001100100000101
1010110010101011110110010111
1010110011000011110110010111
1010110011000111010110110011
1010110011100010111110010111
1010110011100011110110010111
1010110011100111010110010011
1010110011100111010110010111
1010110011100111110010010111
1010110011101010110110010111
1010110011110011100110010111
1010110011110011110110000111
1010110110001011010110110011
1010110110001011110110010111
1010110110001111010010110011
1010110110101011110010010111
1010110110101011110110010111
1010110111000010111110010110
1010110111000010111110010111
1010110111000011010110010111
1010110111000011010110110011
1010110111000011010110110111
1010110111000011110110010011
1010110111000011110110010111
1010110111000110011010110011
1010110111000111010010110011
1010110111001010110110010111
1010110111001010110110011110
1010110111001010111111011110
1010110111001110010010110011
1010110111010011100110010111
1010110111100010111110010110
1010110111100010111110010111
1010110111100010111111011110
1010110111100011110010010111
1010110111100011110110010110
1010110111100011110110010111
1010110111100011110110110011
1010110111100011111111011110
1010110111101010110110010111
1010110111101010110110011110
1010110111101010111111011110
1010110111101011110110010111
1010110111110011100110010111
1010111010000111011111111010
1010111010100111111011011110
1010111110000011011111111010
1010111110000011111111011010
1010111110100011111011011110
1010111111000010011111111010
1010111111100010111011011110
1011010111000011110010010111
1011010111000011110010110111
1011010111000011110110110111
1011011110001010111011111110
1011011110001010111111111110
1011011110001011110110110111
1011011111000010011110010110
1011011111000010011110010111
1011011111000010011110110010
1011011111000010011111011110
1011011111000010011111111010
1011011111000010111010010110
1011011111000010111010010111
1011011111000010111011011110
1011011111000010111110110110
1011011111000010111110110111
1011011111000010111111111110
1011011111001011110110110111
1011111111100010111011011110
1110010001100011110100010111
1110010010101011110110010111
1110010011000011110110010111
1110010011000011110110110111
1110010011000111010010110011
1110010011100010111110010110
1110010011100010111110010111
1110010011100011110110010111
1110010011101010110110010111
1110010011101010110110011110
1110010011101010111111011110
1110010011110011100110010111
1110010101000011110100010111
1110010101100011110000010111
1110010111000011110010110111
1110010111000011110110010101
1110010111000011110110010111
1110010111000111010010110011
1110010111000111010110010111
1110010111000111110010010111
1110010111100011110010010111
1110110101000110011000110010
1110110101000110011000110011
1110110101000111010000110010
1110110101000111010000110011
1110110101001110010000111010
1110110111000111010010110011
10000000100011001100001100100
10000000100011001100001101101
10000000101010000101000100100
10000000101011000100000101100
10000000101011000100000101101
10000000101011000100001100100
10000000101011000101000100100
10000000101011000101000101101
10000000101011001100000100100
10000000101011001100000100101
10000000101011001100000101101
10000000101011001100001100100
10000000101011001100001101101
10000000101011001101000101101
10000001001011001101000101101
10000001001011001101100001001
10000001001011001101100001101
10000001001011001101100101101
10000001001011101001100001001
10000001001011101101100101001
10000001001111001101100001101
10000001001111101001100001001
10000001001111101101100001001
10000001001111101101100001101
10000001100010000100001100100
10000001100010000101000101101
10000001100010000101001100100
10000001100010001001100001001
10000001100010001100000100100
10000001100010001100001100100
10000001100010001101000100100
10000001100010001101000101101
10000001100010001101001100100
10000001100010001101001100101
10000001100010001101001101101
10000001100010001101100001001
10000001100010001101101000000
10000001100011000100001100100
10000001100011000101000100100
10000001100011000101001100100
10000001100011001100000100100
10000001100011001100000100101
10000001100011001100000101100
10000001100011001100000101101
10000001100011001100001100100
10000001100011001100001101101
10000001100011001101000100100
10000001100011001101000101101
10000001100011001101001100100
10000001100011001101001100101
10000001101000000101000100100
10000001101000000111000110110
10000001101000010111010110110
10000001101001001101000101101
10000001101001001111000101101
10000001101001001111000111111
10000001101001011110011110110
10000001101001011111010110110
10000001101001011111010111111
10000001101001011111011110111
10000001101010000001000000100
10000001101010000001000100100
10000001101010000001100000000
10000001101010000001100001001
10000001101010000100000101100
10000001101010000100001100100
10000001101010000101000000100
10000001101010000101000100100
10000001101010000101000100101
10000001101010000101000100110
10000001101010000101000101100
10000001101010000101000101101
10000001101010000101001100100
10000001101010000101001101100
10000001101010000101100000000
10000001101010000101100000100
10000001101010000101100001001
10000001101010000101100001101
10000001101010000101100100000
10000001101010000101100100100
10000001101010001100000100100
10000001101010001100001100100
10000001101010001101000101101
10000001101010001101001100100
10000001101011000000000001101
10000001101011000000100001001
10000001101011000100000100100
10000001101011000100000101100
10000001101011000100000101101
10000001101011000100001100100
10000001101011000100100001001
10000001101011000100100001101
10000001101011000100101000000
10000001101011000100101000100
10000001101011000101000100100
10000001101011000101000100101
10000001101011000101000101100
10000001101011000101000101101
10000001101011000101001100100
10000001101011000101001100101
10000001101011000101001101101
10000001101011000101100000000
10000001101011000101100000100
10000001101011001000001000100
10000001101011001000101000000
10000001101011001000101001001
10000001101011001000101100000
10000001101011001001000000100
10000001101011001001000001101
10000001101011001001000101001
10000001101011001001000101101
10000001101011001001001000101
10000001101011001001100000000
10000001101011001001100001001
10000001101011001001100001101
10000001101011001001100101001
10000001101011001001100101101
10000001101011001001101000000
10000001101011001001101000001
10000001101011001100000100100
10000001101011001100000100101
10000001101011001100000101100
10000001101011001100000101101
10000001101011001100001000100
10000001101011001100001100000
10000001101011001100001100100
10000001101011001100001101100
10000001101011001100001101101
10000001101011001100101000000
10000001101011001100101000100
10000001101011001100101001001
10000001101011001100101001101
10000001101011001100101100000
10000001101011001101000001001
10000001101011001101000001101
10000001101011001101000100100
10000001101011001101000100101
10000001101011001101000101001
10000001101011001101000101100
10000001101011001101000101101
10000001101011001101000101111
10000001101011001101000111111
10000001101011001101001100100
10000001101011001101001100101
10000001101011001101001101100
10000001101011001101001101101
10000001101011001101100000000
10000001101011001101100000100
10000001101011001101100001000
10000001101011001101100001001
10000001101011001101100001100
10000001101011001101100001101
10000001101011001101100101001
10000001101011001101100101101
10000001101011001101101000000
10000001101011001101101000001
10000001101011001101101000100
10000001101011001101101000101
10000001101011001111010111111
10000001101011011101010101101
10000001101011011111010111111
10000001101011101001000101001
10000001101011101001000101101
10000001101011101001100001001
10000001101011101001100001101
10000001101011101101000001101
10000001101011101101000101001
10000001101011101101000101101
10000001101111001101000001101
10000001101111001101100001001
10000001101111001101100001101
10000001111000010111010110110
10000001111001011111010110110
10000001111001011111010111111
10000001111011001101000101101
10000011111000010111010110110
10000011111001010110010110110
10000011111001011110011110110
10000011111001011111010110111
10000011111001011111010111111
10000101000110101001100001001
10000101001011001101000101101
10000101001011001101100001101
10000101001011101001100101001
10000101001101101001100011001
10000101001101101011100001001
10000101001110100001100000000
10000101001110100001100001001
10000101001111001101100001101
10000101001111100000100001001
10000101001111101000101000000
10000101001111101000101001001
10000101001111101001100000000
10000101001111101001100001001
10000101001111101001100001011
10000101001111101001100001101
10000101001111101001100011001
10000101001111101001100011011
10000101001111101001101000000
10000101001111101001101000001
10000101001111101101000001101
10000101001111101101100101001
10000101101010000101000100100
10000101101010000101100000000
10000101101011001001000001101
10000101101011001001000101101
10000101101011001001100101001
10000101101011001100101000000
10000101101011001101000101101
10000101101011001101100001001
10000101101011001101100001101
10000101101011101001000101001
10000101101110000101000000100
10000101101111001100001000100
10000101101111001101000001101
10000101101111001101000101101
10000101101111001101100001001
10000101101111001101100001101
10000101101111001101100101001
10001000100010000100001000100
10001000100010001101001000100
10001000101010000101000000100
10001000101011000000101100000
10001000101011000100000000100
10001000101011000100000001100
10001000101011000100000001101
10001000101011000100000100100
10001000101011000100000101100
10001000101011000100000101101
10001000101011000100001000100
10001000101011000100001100100
10001000101011000100101000000
10001000101011000100101100000
10001000101011000100101100100
10001000101011001001100101001
10001000101011001100001000100
10001000101011001101000001101
10001000101011001101000101101
10001000101011001101100001001
10001000101111000100001000100
10001000101111001101000001101
10001001100010001101001100100
10001001100011000101001100100
10001001101011001101000001101
10001001101011001101000101101
10001001101011001101100001101
10001001101011001101100101001
10001100001011100000100101001
10001100001011100000101100000
10001100001011101001100101001
10001100100110000100001000100
10001100100110001101001000100
10001100101110000101000000100
10001100101111000100000000100
10001100101111000100000001100
10001100101111000100000001101
10001100101111000100001000100
10001100101111001100001000100
10001100101111001101000001101
10001101001011101001100101001
10001101101111001101000001101
10010001100010001101001100101
10010001101010000101000101100
10010001101011000100000101100
10010001101011000101000101100
10010001101011001101000101100
10010001101011001101001100101
10010001101011011101000101100
10010001101011011101001100101
10010001110000011111011110111
10010001111000010111010110110
10010001111001010110010111110
10010001111001011111010111110
10010001111001011111011110111
10010011110000011111011110111
10010011111000010111010110110
10010011111001010110010110110
10010011111001010110010111110
10010011111001010111010110110
10010011111001011110011110110
10010011111001011110011111111
10010011111001011111010110110
10010011111001011111010110111
10010011111001011111010111111
10010011111001011111011110110
10010011111001011111011110111
10010011111001011111011111110
10100001001011001101100101101
10100001001111001101100001101
10100001100010001101000101101
10100001101001001111000111111
10100001101010000101000100100
10100001101010000101000100110
10100001101010000101000101101
10100001101011000100000101101
10100001101011001001000001101
10100001101011001100001100100
10100001101011001100001100110
10100001101011001101000100100
10100001101011001101000101101
10100001101011001101000101111
10100001101011001101001100101
10100001101011001101010111111
10100001101011001101100001001
10100001101011001101100001011
10100001101011001101100001101
10100001101011001101100001111
10100001101011011101010101101
10100001101011101001100001001
10100001101011101001100001101
10100001101011101101000001101
10100001101111001101000001101
10100001101111001101000001111
10100001111011001101010101101
10101000101111000100001000100
10101000101111000100001000110
10101000101111001101000001101
10111010101101010110000010110
11000000001110000101100000100
11000000001110001100100001101
11000000001110001100101000100
11000000001111001101100001101
11000000100010000100101000100
11000000100010001101100001101
11000000100010001101101000100
11000000100011001000101000100
11000000100011001000101100000
11000000100011001100001000100
11000000100011001100001100000
11000000100011001100101000100
11000000100011001100101001101
11000000101010000001100000000
11000000101010000001100000100
11000000101010000001100001101
11000000101010000001100100000
11000000101010000001100100100
11000000101010000001100101001
11000000101010000101000000100
11000000101010000101000100000
11000000101010000101000100100
11000000101010000101000101001
11000000101010000101000101101
11000000101010000101001100100
11000000101010000101100000000
11000000101010000101100000100
11000000101010000101100000101
11000000101010000101100001001
11000000101010000101100001101
11000000101010000101100100100
11000000101010000101101000100
11000000101010001000100000100
11000000101010001000100000101
11000000101010001000100001101
11000000101010001000100100000
11000000101010001000100101001
11000000101010001000101000100
11000000101010001000101100000
11000000101010001100000001101
11000000101010001100000100000
11000000101010001100000100100
11000000101010001100000100101
11000000101010001100000101001
11000000101010001100000101100
11000000101010001100000101101
11000000101010001100001000100
11000000101010001100001100000
11000000101010001100001100100
11000000101010001100100000000
11000000101010001100100000100
11000000101010001100100000101
11000000101010001100100001001
11000000101010001100100001100
11000000101010001100100001101
11000000101010001100101000000
11000000101010001100101000100
11000000101010001100101001101
11000000101010001101001100100
11000000101010001101100001101
11000000101010001101101000100
11000000101010100001000100000
11000000101011000000100001100
11000000101011000000100001101
11000000101011000000100101001
11000000101011000000101000100
11000000101011000000101100000
11000000101011000100000101001
11000000101011000100000101101
11000000101011000100001100000
11000000101011000100001100100
11000000101011000100100000100
11000000101011000100100001100
11000000101011000100100001101
11000000101011000100101000100
11000000101011000101100000100
11000000101011000101100001101
11000000101011000101101001101
11000000101011001001100001101
11000000101011001001100101001
11000000101011001100101000100
11000000101011001101000001101
11000000101011001101000101001
11000000101011001101000101101
11000000101011001101100001101
11000000101110000101100000100
11000001100010001001100001101
11000001100010001001100101001
11000001100010001001101000100
11000001100010001001101100000
11000001100010001001101100001
11000001100010001101000001101
11000001100010001101000101101
11000001100010001101001000100
11000001100010001101001100100
11000001100010001101100001001
11000001100010001101100001101
11000001100010001101101000000
11000001100010001101101000100
11000001101010000001100000100
11000001101010000001100001101
11000001101010000001100100000
11000001101010000001100101001
11000001101010000101000000100
11000001101010000101000001101
11000001101010000101000100000
11000001101010000101000100100
11000001101010000101100000000
11000001101010000101100000100
11000001101010000101100001101
11000001101010001001100001101
11000001101010001001100101001
11000001101010001101000001101
11000001101010001101100001101
11000001101011001000101000100
11000001101011001000101100000
11000001101011001001100001101
11000001101011001001100101001
11000001101011001100001000100
11000001101011001100001100100
11000001101011001100101000000
11000001101011001100101000100
11000001101011001101000001101
11000001101011001101000101001
11000001101011001101000101101
11000001101011001101100001001
11000001101011001101100001101
11000100001110000101100000100
11000100100111001100101000100
11000100101010000001100100000
11000100101010000101100000000
11000100101010000101100000100
11000100101010001100100001101
11000100101010001100101000100
11000100101010100001000100000
11000100101011001101100001101
11000100101110000101000000100
11000100101110000101100000100
11000100101110000101100001101
11000100101110001100100000100
11000100101110001100100001101
11000100101110001100101000100
11000100101111000100100001101
11000100101111000100101000100
11000100101111001101100001101
11000101100010001001100101001
11000101100010001001101100000
11000101100110001101000001101
11000101100110001101001000100
11000101101010000001100100000
11000101101110000101000000100
11000101101110000101100000100
11001000100010000000101000100
11001000100010000100001000100
11001000100010000100001100100
11001001101010000001100000100
11001001101010000001100001101
11001001101010000001100100000
11001001101010000001100101001
11001001101010000101000000100
11001001101010000101000001101
11001001101010000101000100000
11001001101010000101000100100
11001001101010000101100000100
11001001101010000101100100100
11001001101010000101100101101
11001001101011001001100001101
11001001101011001001100101001
11001001101011001101000001101
11001001101011001101000101101
11001001101011001101100101101
11001101101110000101000000100
11001101101110000101000001101
11010000101011000100100001100
11010000111001010110110011110
11010010111000010111110010110
11010010111001010110110011110
11100000001110000101100000100
11100000001110001100100001101
11100000001110001100101000100
11100000001111001101100001101
100000001001111011101100000110
100010001001111010100100000110
100010001001111010100100000111
100010001001111011101100000110
100010001001111011101100000111
100010001001111011101100001110
100010001001111011101100001111
100010001001111011101101001110
100010001001111011101101001111
100010001101011011101000100111
100010001101011011101001101110
100010001101111001111010010111
100010001101111001111011011110
100010011111101011111010010111
100010011111101011111011011110
100011000001111010100000000110
100011000001111010100000000111
100011000101110001110010010111
100011000101111000110010010110
100011000101111000110010010111
100011000101111010100000000100
100011000101111010100000000101
100011000101111010100000000110
100011000101111010100000000111
100011000111101010100010010111
100011010111100011110010010111
100011010111101010110010010111
100011010111101010110010011110
100011010111101011110010010111
100011010111111010100010010111
100011011110101010111011011110
100011100001011110000100100010
100011100001011110000100100011
100100001101010000101000100110
100100001101010010101000100110
100100001101011001101000100110
100100001101011011101000100110
100100011101000000111000110100
100100011101001001111000110100
100100011101010000101000100110
100100011101010000101000110100
100100011101010000111000100100
100100011101010010101010110110
100100011101011001101000100110
100100011101011001101000110100
100100011101011001111000100100
100100011101111001111000000100
100100111001100100011100010000
100100111001101101011100010000
100101010101110000111000000100
100101010101111000100000000110
100101010101111000110000000100
100101010111101000110010010100
100110001101011010100000100110
100110001101011011101000100110
100110001101011011101000100111
100110001101011011101000101111
100110001101011011101001101110
100110001101111011101000000111
100110001101111011101001001110
100110001111000010101010110110
100110001111001010100010110110
100110001111001010100010111110
100110001111001011101010110110
100110001111001011101010110111
100110001111001011101010111110
100110001111001011101010111111
100110001111001011101011111110
100110001111101011101010010110
100110001111101011101010011111
100110001111101011101011011110
100110011111001011111010110100
100110011111001011111010110101
100110011111001011111011111100
100110011111011011101010110111
100110011111011011101011111110
100111000101110011100000000111
100111000101111000100000000111
100111000101111000110000000101
100111000101111000110010010101
100111000101111010100000000110
100111000101111010100000000111
100111000101111010100010010110
100111000101111010100010010111
100111000111100011100010010111
100111000111101010100010010110
100111000111101010100010010111
100111000111101010100010011110
100111010111100011110010010101
100111010111101010110010010101
100111010111101010110010010111
100111010111101010110010011100
100111010111110011100010010111
100111010111111010100010010111
100111010111111010100010011110
101000000001110000101100000110
101000000001110010101100000110
101000000001110010101100000111
101000000001110011100100000110
101000000001110011100100000111
101000000001110011100101001111
101000000001111010100100000110
101000000001111010100100000111
101000000001111010100100001110
101000000001111010101100000110
101000001001110010101100000110
101000010001110000101100000110
101000010001110000111100000100
101000010001110000111110010100
101000010001110010101100000110
101000010011100000111110010100
101000010011100001110110010100
101000010011100001110110010101
101000010011101000110110010100
101000011011100000111110010100
101010000000111011100100000110
101010000000111011100100000111
101010000001110001100100000111
101010000001110001110110010101
101010000001110001110110010111
101010000001110010100100000110
101010000001110010100100000111
101010000001110010101100000110
101010000001110010101100000111
101010000001110010101100001110
101010000001110010101101000110
101010000001110010101101001110
101010000001110011100100000101
101010000001110011100100000110
101010000001110011100100000111
101010000001110011100100001110
101010000001110011100100001111
101010000001110011100101000110
101010000001110011100101001111
101010000001110011100110010111
101010000001110011101101000110
101010000001110011101101001110
101010000001111000110110010101
101010000001111000110110010111
101010000001111010100100000110
101010000001111010100100000111
101010000001111010100100001110
101010000001111010100100001111
101010000001111010101100000110
101010000001111010101101001110
101010000001111010101101001111
101010000001111011100100000111
101010000001111011101100001110
101010000001111011101101001110
101010000001111011101101001111
101010000011100011100100000111
101010000011100011100110010111
101010000101010011100100000111
101010000101110001110010010111
101010000101110001110110010111
101010001000110011101101001110
101010001000110011101101001111
101010001001110010101100000110
101010001001110010101101001110
101010001001111010100100000110
101010001001111011101101001110
101010001100110001111011011110
101010010001100011100100000111
101010010001100011110110010101
101010010001110001100100000111
101010010001110011100100000111
101010010010101011110110010101
101010010010101011110110010111
101010010011100000111110010100
101010010011100001110110010101
101010010011100010111110010100
101010010011100010111110010101
101010010011100010111110010111
101010010011100011100100000101
101010010011100011100100000111
101010010011100011110110010101
101010010011100011110110010111
101010010011101010110110010101
101010010011101010110110010111
101010010011101010110110011100
101010010011101010111111011100
101010010011110001100100000111
101010010011110011100100000111
101010010011110011100110010111
101010010011111010100100001110
101010010111000011110110010111
101010010111100011110010010111
101010010111100011110110010111
101010011110100011111011011110
101010100001110011100100000111
101010110111000111010010110011
101010110111100011110110010111
101100010001110000111100000100
101100011101110000111000000100
101101011101110000111000000100
101110000011100011100110010111
101110000101110011100000000111
101110000111100011100010010111
101110001100110011101001001110
101110001110100011101011011110
101110010011100011110110010101
101110010011100011110110010111
101110010011110011100110010111
101110010111100011110010010101
101110010111100011110110010101
101110010111110011100010010111
110000001001111001101100001011
110000001001111001101100001101
110000001001111001101100001111
110000001001111011101100001111
110000001101011001001000001101
110000001101011001101000101101
110000001101011001101000101111
110000001101111001101000001101
110000101001011101001100101011
110000101001111101001100001011
110001000101111000100000001101
110001000101111000100001000100
110001000101111001101000001101
110001001101111001101000001101
110010001001111010100100000110
110010001001111010100100001110
110010001001111011101100001110
110010001001111011101100001111
110010001001111011101101000110
110010001001111011101101000111
110010001101011011101000101110
110010001101011011101001100111
110011000001111010100000000110
110011000001111010100000001110
110011000101111010100000000110
110011000101111010100000001100
110011000101111010100000001110
110011000111101010100010011110
110011100001011110000100101010
110100001100010001101000101111
110100001101001001111000101101
110100001101001001111000111101
110100001101010000101000100110
110100001101010000101000101111
110100001101010000101000110100
110100001101011000100000101111
110100001101011001001000001111
110100001101011001100001100110
110100001101011001101000100110
110100001101011001101000101101
110100001101011001101000101111
110100001101011001101000111101
110100001101011001101001100111
110100001101011011101000101111
110100001101011011101010111111
110100001101111001100001000110
110100001101111001101000001101
110100001101111001101000001111
110100001101111001101000011101
110100011101010000111000100100
110100011101011001111000101101
110100101001111101001100001011
110101000100110000100001000110
110101000101110000101000000110
110101000101111000100000000110
110101000101111000100000001110
110101000101111000100000001111
110101000101111000100001000110
110101000101111001101000001111
110101001101111001101000001111
110101010101111000110000000100
110110001101011010100000101110
110110001101011011101000101110
110110001101011011101000101111
110110001101011011101001100111
110110001101111011101000001110
110110001101111011101001000111
110110001111000010101010110110
110110001111001010100010111110
110110001111001011101010111110
110110001111001011101011110111
110110001111011010100010101110
110110001111011011101011100111
110110001111101011101011010111
110110101011111111001111000011
110111000101111010100000000110
110111000101111010100000001110
110111000111101010100010010110
110111000111101010100010011110
110111000111111010100010001110
111000000000111001100101000110
111000000001110000101100000100
111000000001110000101100000110
111000000001110000101100001111
111000000001110001100100000110
111000000001110001100100000111
111000000001110001100100001111
111000000001110001100101000110
111000000001110010101100000110
111000000001110011100100000111
111000000001110011100100001110
111000000001110011100100001111
111000000001110011100101000110
111000000001111000100100001110
111000000001111000100100001111
111000000001111000100101000110
111000000001111001101100001111
111000000001111010100100001110
111000000001111011101100001111
111000001001110000101100000110
111010000000110011101101000111
111010000000111011100100000110
111010000000111011100100001110
111010000000111011100101000110
111010000000111011100101000111
111010000001110010100100000110
111010000001110010100100001110
111010000001110010101100000110
111010000001110010101100000111
111010000001110010101100001110
111010000001110010101100001111
111010000001110010101101000110
111010000001110010101101000111
111010000001110010101101001111
111010000001110011100100000110
111010000001110011100100000111
111010000001110011100100001110
111010000001110011100100001111
111010000001110011100101000110
111010000001110011100101000111
111010000001110011101101000110
111010000001110011101101000111
111010000001110011101101001111
111010000001111010100100000110
111010000001111010100100001110
111010000001111010100100001111
111010000001111010100101000110
111010000001111010101100000110
111010000001111010101100001110
111010000001111010101100001111
111010000001111010101101001110
111010000001111010101101001111
111010000001111011100100000110
111010000001111011100101000111
111010000001111011101100001110
111010000001111011101100001111
111010000001111011101101000110
111010000001111011101101000111
111010000011101010100100001110
111010000011101010100110011110
111010001000110011101101000110
111010001000110011101101000111
111010001001110010101100000110
111010001001110010101100001110
111010001001111010100100001110
111010001001111010101100001110
111010001001111011101101000111
111100001101110000101000000110
111101001101110000101000000110
111110000011101010100110011110
111110001100110011101001000111
111110001110100011101011010111
